a
-1980327203059433351
-413507725379546892
-3591247434216463444
800209282921145194
-167223560734143065
251633125289846144
-4523935660575116147
-4548308011476745294
6620976204343887976
-1445835525371220645
577014323637146733
2534105857364314571
-3044199975214973328
-6687206733473759450
-6758303456513424475
-3732344187878715289
6736276283744734886
2714826687348675155
-4950234614138841220
-4117395705833278516
-1745084170191637962
2002531806845287335
-5336009358880865811
-4074586217406980534
-336929421475172278
-5837486729654798388
-1501383773759927623
2896752346902936318
-1988101839442818577
3841729220990756229
1877408905278598432
7777450471265978379
-7572662123361551893
4589655044161474054
-1788391980719896658
7031278517227092944
-2994630176490019
833341895584847186
7728171516234141269
6049624605178480344
2074561547416482691
-6387846242111510350
-1236340298321199173
6764651904744323636
-7712408731077177245
-4574413129349666320
9063433145431400924
5212669387936009265
-7605737667488889526
5075438077341035661
-7278254651097915585
642370210740825072
-8544041618926117915
-47631851957029686
6807637636814204031
7430274496070170239
1128963813260517882
-6568010575734878813
-3164842591457903660
-3455912518903434568
-1490780841800965313
-3983423352152126100
-8213148347655429788
4210095603595310925
5258039912679480690
-632928732941176446
6352958922237472974
-6528284831251146806
-8164689268019564942
-5980726002555370245
9186640331672339204
1644221499157871553
7279578198924879957
-8314735873121531928
6035847802831193220
-377911666014330915
-4075144611023935522
-1234477522210008697
2256247564758227428
-701487739402300376
-3092112022150167696
6497409456785923532
-4555787154220077272
-1942255905405543586
-4273867536241480549
-7275840180943516538
1848197496440310354
9150756176484808539
202323783344920307
2600592325117092302
-6153271495861979380
4283573801326803535
-8319422276303570992
3263456115184658560
-2700373571782503141
-4695294768693349044
-7033055514228799124
-3114209655667584914
-8568497734817488043
-527923573652123229
